6.559641659259796143e-02
3.173260763287544250e-02
1.377674192190170288e-01
1.499877274036407471e-01
1.226913705468177795e-01
1.320420354604721069e-01
1.865774542093276978e-01
1.187213957309722900e-01
1.306450963020324707e-01
5.719034001231193542e-02
1.227915212512016296e-01
1.329936832189559937e-01
1.218273863196372986e-01
1.799153164029121399e-02
1.402116864919662476e-01
5.015919357538223267e-02
5.038043111562728882e-02
1.316891014575958252e-01
1.549792587757110596e-01
3.210408613085746765e-02
1.352267861366271973e-01
1.286686807870864868e-01
4.543200507760047913e-02
3.462459892034530640e-02
2.375774644315242767e-02
1.374664008617401123e-01
1.362888067960739136e-01
1.274241209030151367e-01
1.312745660543441772e-01
1.419450044631958008e-01
1.812718361616134644e-01
1.292296797037124634e-01
1.781204640865325928e-01
1.454114019870758057e-01
5.639389157295227051e-02
1.388649046421051025e-01
2.648175694048404694e-02
5.269326269626617432e-02
3.541134297847747803e-02
1.435770243406295776e-01
2.546032890677452087e-02
-1.403481233865022659e-02
1.369812786579132080e-01
1.949651390314102173e-01
2.250040918588638306e-01
4.045801609754562378e-02
1.472477912902832031e-01
6.416351348161697388e-02
1.239332184195518494e-01
5.537803843617439270e-02
1.297803074121475220e-01
3.167163953185081482e-02
1.513764560222625732e-01
-3.948893398046493530e-02
4.273158311843872070e-02
4.329881444573402405e-02
2.376506477594375610e-02
1.093415543437004089e-01
1.758379489183425903e-01
1.376803666353225708e-01
1.440684944391250610e-01
6.805499643087387085e-02
7.098271697759628296e-02
1.678203791379928589e-01
1.430394351482391357e-01
1.205327734351158142e-01
5.234184116125106812e-02
6.121066957712173462e-02
1.304901838302612305e-01
1.310991197824478149e-01
4.756592959165573120e-02
-7.522567175328731537e-04
-4.743781872093677521e-03
1.510153710842132568e-01
-1.131211500614881516e-02
1.195742487907409668e-01
1.350720226764678955e-01
1.417840719223022461e-01
1.345078200101852417e-01
1.678010076284408569e-01
3.967989608645439148e-02
1.237916871905326843e-01
-3.211534768342971802e-02
1.266613900661468506e-01
2.914194017648696899e-02
4.676713049411773682e-02
1.364835798740386963e-01
5.705016851425170898e-02
1.350620537996292114e-01
-3.106490708887577057e-02
4.719674959778785706e-02
1.256938725709915161e-01
1.352115273475646973e-01
1.013600900769233704e-01
3.153637051582336426e-02
3.262356668710708618e-02
1.991354115307331085e-02
3.695524856448173523e-02
1.543316692113876343e-01
3.724316600710153580e-03
